30.599096126443072 4.935369689596757 3602.8198734056327 0.0 30.59808989766244 0
29.022502542378117 4.8589123157359015 3547.0059904872082 1.0 29.018726769172027 1
26.250978811528057 4.714563462851562 3441.63132788164 3.0 26.255785686242035 1.50000000000000
26.17941427113183 4.713943397363847 3441.1786800756086 4.0 26.244503462358157 pi/2
26.26231276789827 4.713647814367015 3440.9629044879207 6.266786540694901 26.2391269731228 1.42857142857143
26.172904034402386 4.713188903674562 3440.62789968243 14.779565475879123 26.23078182695714 asin(x3**2 + x4**2)
24.91359459238881 4.6390591114782005 3386.513151379086 16.0 24.917011016615838 1.75 + 1/(1 - x2)
28.933758472293498 4.615377513487433 3369.225584845826 46.54913131295274 24.51134105608022 tan(0.800000000000000)
24.11331398386529 4.592875490029564 3352.7991077215815 58.3017056451194 24.131998455512335 1.734731422448 + 1/(1 - x2)
24.11293462923834 4.592831484825078 3352.766983922307 66.81148636544108 24.131262390508187 x5/(x5*(1 - x2) + 1) + 1.734738295512
24.100739012081593 4.592119565610606 3352.247282895742 67.8114393425421 24.119357399616764 1.734681754738 + (x4/x5 + 1)/(1 - x2)
24.066498989857738 4.590312500053995 3350.928125039416 69.3852870475564 24.089165312214774 1.721368786774*(x2/(1 - x2) + 2)**0.5