30.59897299217859 4.9353809136708175 3602.828066979697 0.0 30.59832794974783 0
29.021760844031796 4.858800876435923 3546.9246397982242 1.0 29.016485337953103 1
26.277006110630033 4.713749423092476 3441.0370788575074 3.0 26.24097505470823 1.50000000000000
26.230915379834947 4.712123965096133 3439.850494520177 4.0 26.211426479276376 pi/2
26.22244875580153 4.711849086896148 3439.649833434188 6.266786540694901 26.20643286441964 1.42857142857143
26.215238085423913 4.710915791456071 3438.968527762932 14.169925001442312 26.1894851144666 (x0**2 + x1**2 + 1)**0.5
26.018801508033306 4.702300711343184 3432.679519280524 18.93156856932417 26.033560137633046 acos(0.2*x0 - 0.125*x1)
10.967155036780467 3.454662116151236 2521.903344790402 42.75856743873769 10.963694406407637 0.009300823088*((0+1)/x4)
10.706455390655137 3.410809590640735 2489.8910011677367 59.26832441582357 10.635453087528532 0.004650353435*((sqrt((x9+1))+1)/x4)
10.16248025759752 3.324437309015982 2426.839235581667 59.268329925403435 10.017407680793848 0.003100247463*(((sqrt((x9+1))+1)+1)/x4)
9.970728997842844 3.3171840343168886 2421.5443450513285 87.51718928129672 9.967170684342038 -0.004650499228*(x4+(((0+1)+1)/(-x4)))